% etc_PI_filtered_data.m
%
% Loads filter coefficients for the etc_PI_filtered model

% Numerator coefficients
filtNum = [0.00849187184562969 ...
           0.0444846983267221 ...
           0.117299133563462 ...
           0.199122538167043 ...
           0.235872521380986 ... 
           0.199122538167043 ...
           0.117299133563462 ...
           0.0444846983267221 ...
           0.00849187184562969];
 
% Denominator coefficients
filtDen = 1;